+--------------+------------------+
|arrondissement|total_avg_capacity|
+--------------+------------------+
|            15|              3361|
|            12|              2630|
|            13|              2298|
|            11|              2252|
|            16|              2152|
|            17|              2131|
|            20|              1918|
|            19|              1860|
|            18|              1856|
|            14|              1849|
|             8|              1617|
|            10|              1573|
|             5|              1204|
|             7|              1135|
|             9|              1103|
|             6|              1003|
|             2|               742|
|             1|               712|
|             4|               706|
|             3|               390|
+--------------+------------------+